   -3.0100000000   -3.0100000000
   -2.6020523777   -2.7975857006
   -2.3388005340   -2.4196757702
   -2.0835426622   -2.0340067842
   -1.8295359139   -1.6470574288
   -1.5711770177   -1.2638347931
   -1.3167598929   -0.8772851711
   -1.0323664914   -0.5153667784
   -0.6182820074   -0.3131386473
   -0.2031699615   -0.1094946033
    0.2043596843    0.1095084624
    0.6190238064    0.3141982863
    1.0334866653    0.5154501833
    1.3176574543    0.8775912714
    1.5718718422    1.2637360577
    1.8295609826    1.6482443783
    2.0845214547    2.0342316298
    2.3396466466    2.4200331871
    2.6020381538    2.7981965986
    3.0100000000    3.0100000000
