   -0.2950000000    1.6950000000
   -0.4152486229    1.5808852984
   -0.5339107027    1.4652176320
   -0.6464111723    1.3435097347
   -0.7687943353    1.2320142462
   -0.8540819895    1.0931172914
   -0.8677828570    0.9283068842
   -0.8643291334    0.7626622982
   -0.8150392879    0.6115379677
   -0.6561888871    0.5685707458
   -0.4926907185    0.5412093923
   -0.3288583581    0.5159456243
   -0.1651077760    0.4903454208
   -0.0031669983    0.4554619327
    0.1482073422    0.3932954238
    0.2132330218    0.2424453965
    0.3165246060    0.1179313129
    0.4731515278    0.0641844267
    0.6328083864    0.0236458148
    0.7950000000    0.0550000000
